Local Search

N = 20
[0, 8, 13, 12, 15, 18, 7, 10, 11, 2, 3, 17, 6, 1, 14, 4, 5, 9, 16, 19]
985792
0.10471844673156738

N = 40
[29, 2, 30, 15, 20, 1, 13, 35, 3, 8, 14, 7, 22, 21, 4, 33, 16, 12, 23, 24, 36, 37, 34, 0, 32, 27, 38, 10, 9, 11, 26, 17, 6, 39, 31, 25, 18, 28, 19, 5]
4297722
1.492879867553711

N = 60
[34, 12, 40, 26, 0, 2, 24, 37, 57, 41, 4, 42, 39, 53, 11, 29, 47, 36, 17, 58, 31, 10, 23, 54, 50, 33, 27, 14, 32, 38, 48, 52, 25, 44, 35, 19, 30, 22, 7, 21, 15, 13, 20, 8, 3, 45, 6, 46, 28, 49, 16, 55, 5, 1, 56, 9, 18, 59, 43, 51]
9545782
7.648535966873169

N = 80
[4, 56, 61, 53, 76, 42, 0, 58, 30, 45, 31, 48, 33, 64, 21, 3, 34, 66, 72, 11, 14, 79, 6, 59, 52, 55, 22, 24, 1, 49, 73, 23, 54, 7, 75, 36, 62, 43, 16, 63, 77, 32, 68, 51, 40, 71, 47, 37, 69, 60, 50, 67, 20, 26, 25, 78, 17, 9, 8, 5, 12, 44, 70, 38, 39, 2, 74, 27, 29, 18, 57, 46, 15, 19, 35, 65, 41, 13, 28, 10]
17457282
27.533235549926758

N = 100
[74, 85, 34, 89, 28, 32, 65, 71, 7, 91, 69, 49, 59, 4, 16, 97, 96, 67, 9, 76, 70, 11, 86, 33, 10, 58, 31, 79, 73, 64, 81, 94, 26, 18, 90, 48, 19, 1, 2, 17, 3, 20, 88, 87, 27, 56, 13, 66, 24, 43, 37, 5, 75, 55, 82, 15, 8, 62, 30, 41, 84, 25, 46, 63, 44, 72, 83, 77, 52, 40, 0, 54, 21, 23, 60, 47, 78, 45, 99, 53, 39, 14, 36, 50, 92, 61, 6, 35, 95, 98, 38, 57, 12, 22, 29, 51, 68, 93, 42, 80]
26250460
87.25381970405579




Iterated Local Search

N = 20
[13, 7, 1, 6, 0, 11, 17, 5, 15, 4, 16, 9, 19, 14, 18, 12, 2, 10, 8, 3] 921650
1.6868572235107422

N = 40
[26, 2, 5, 29, 11, 30, 19, 16, 18, 38, 7, 25, 0, 31, 21, 34, 1, 27, 35, 6, 10, 4, 8, 39, 20, 37, 17, 14, 22, 36, 9, 13, 3, 23, 32, 33, 24, 12, 15, 28] 3848442
39.40717005729675

N = 60
[14, 25, 1, 33, 29, 41, 0, 53, 32, 45, 28, 5, 7, 51, 42, 40, 23, 39, 17, 47, 10, 37, 55, 50, 15, 44, 16, 56, 3, 27, 4, 22, 24, 9, 11, 6, 2, 30, 21, 35, 26, 38, 48, 12, 49, 31, 52, 46, 54, 13, 19, 57, 58, 34, 8, 20, 18, 43, 36, 59] 8406612
326.0975921154022

N = 80
[19, 1, 0, 14, 52, 37, 48, 4, 22, 45, 58, 61, 29, 77, 66, 12, 39, 16, 28, 35, 18, 55, 9, 67, 51, 32, 40, 69, 33, 30, 57, 20, 23, 7, 49, 74, 59, 26, 76, 64, 56, 44, 68, 70, 11, 13, 31, 53, 63, 10, 75, 8, 62, 65, 79, 5, 24, 50, 38, 2, 3, 36, 60, 41, 54, 17, 21, 42, 25, 46, 78, 43, 72, 27, 73, 15, 47, 34, 6, 71] 15673966
1127.635794878006