KNAPSACK


     TEST 1
answer: [1, 1, 1, 1, 0, 1, 0, 0, 0, 0]
result: [1, 1, 1, 1, 0, 1, 0, 0, 0, 0]
max_cost:   309
max_weight: 165
cost:       309
weight:     165
time: 0.11868000030517578

     TEST 2
answer: [0, 1, 1, 1, 0]
result: [0, 1, 1, 1, 0]
max_cost:   51
max_weight: 26
cost:       51
weight:     26
time: 0.01995682716369629

     TEST 3
answer: [1, 1, 0, 0, 1, 0]
result: [1, 1, 0, 0, 1, 0]
max_cost:   150
max_weight: 190
cost:       150
weight:     190
time: 0.05186176300048828

     TEST 4
answer: [1, 0, 0, 1, 0, 0, 0]
result: [1, 0, 0, 1, 0, 0, 0]
max_cost:   107
max_weight: 50
cost:       107
weight:     50
time: 0.06881475448608398

     TEST 5
answer: [1, 0, 1, 1, 1, 0, 1, 1]
result: [1, 0, 1, 1, 1, 0, 1, 1]
max_cost:   900
max_weight: 104
cost:       900
weight:     104
time: 0.11170244216918945

     TEST 6
answer: [0, 1, 0, 1, 0, 0, 1]
result: [0, 1, 0, 1, 0, 0, 1]
max_cost:   1735
max_weight: 169
cost:       1735
weight:     169
time: 0.060835838317871094

     TEST 7
answer: [1, 0, 1, 0, 1, 0, 1, 1, 1, 0, 0, 0, 0, 1, 1]
result: [1, 0, 1, 0, 1, 0, 1, 1, 1, 0, 0, 0, 0, 1, 1]
max_cost:   1458
max_weight: 749
cost:       1458
weight:     749
time: 0.25033020973205566







TSP


     TEST 1
path: [150, 80, 98, 170, 173, 235, 160, 270, 46, 222, 225, 14, 133, 244, 250, 195, 205, 169, 54, 47, 107, 174, 135, 103, 172, 159, 91, 192, 155, 206, 256, 216, 271, 25, 241, 213, 260, 69, 151, 158, 134, 145, 10, 154, 121, 254, 139, 52, 48, 26, 144, 1, 258, 233, 257, 248, 126, 122, 45, 38, 179, 234, 21, 242, 203, 61, 67, 37, 35, 137, 65, 63, 153, 146, 138, 157, 82, 209, 5, 140, 198, 64, 115, 189, 36, 118, 83, 34, 51, 3, 229, 127, 13, 184, 27, 70, 42, 188, 24, 9, 265, 278, 164, 108, 110, 44, 58, 55, 117, 181, 152, 99, 79, 68, 231, 245, 171, 75, 101, 87, 182, 120, 142, 264, 232, 215, 236, 207, 224, 214, 15, 4, 252, 29, 119, 196, 230, 113, 180, 11, 147, 143, 218, 223, 266, 249, 240, 12, 136, 125, 131, 97, 166, 167, 50, 112, 53, 59, 211, 149, 23, 162, 239, 237, 22, 190, 30, 85, 76, 114, 31, 39, 123, 268, 276, 199, 62, 86, 132, 247, 141, 246, 255, 193, 219, 165, 17, 100, 176, 16, 41, 128, 84, 73, 212, 161, 163, 72, 66, 261, 208, 228, 243, 183, 90, 88, 221, 262, 277, 279, 8, 129, 19, 7, 251, 253, 111, 178, 156, 130, 274, 220, 210, 226, 238, 227, 200, 60, 6, 177, 175, 194, 204, 109, 116, 57, 20, 267, 275, 2, 0, 202, 259, 71, 49, 105, 94, 78, 269, 96, 102, 104, 43, 56, 106, 33, 77, 197, 187, 18, 81, 28, 74, 95, 272, 263, 217, 273, 40, 186, 92, 89, 32, 191, 124, 93, 168, 185, 148, 201]
distance: 25468.55333905677
time: 26.10650372505188

     TEST 2
path: [21, 7, 37, 6, 8, 0, 5, 45, 17, 27, 36, 26, 43, 42, 39, 46, 13, 47, 28, 31, 23, 1, 3, 44, 34, 25, 9, 41, 4, 33, 24, 38, 12, 19, 20, 22, 40, 15, 35, 18, 14, 11, 29, 16, 30, 32, 10, 2]
distance: 70212.09165398905
time: 4.367212295532227

     TEST 3
path: [11, 5, 4, 27, 20, 28, 25, 8, 2, 6, 24, 15, 0, 7, 26, 22, 3, 9, 17, 16, 21, 13, 10, 18, 14, 23, 12, 19, 1]
distance: 14249.215718538566
time: 3.7723467350006104

     TEST 4
path: [16, 140, 37, 137, 131, 28, 48, 130, 55, 74, 19, 81, 61, 43, 3, 112, 26, 13, 45, 117, 100, 66, 89, 56, 87, 4, 6, 69, 126, 138, 30, 128, 10, 94, 84, 109, 36, 115, 35, 5, 41, 49, 134, 71, 34, 57, 119, 132, 40, 27, 58, 70, 14, 111, 53, 88, 83, 97, 95, 47, 68, 59, 31, 38, 116, 11, 52, 8, 129, 122, 104, 67, 15, 108, 64, 17, 82, 44, 118, 12, 62, 124, 20, 123, 86, 63, 76, 73, 127, 148, 75, 72, 29, 18, 24, 32, 92, 50, 145, 22, 147, 65, 114, 136, 142, 0, 33, 125, 96, 106, 91, 39, 144, 79, 143, 23, 78, 77, 93, 105, 90, 102, 21, 133, 25, 139, 103, 120, 54, 101, 113, 141, 42, 46, 60, 98, 99, 7, 9, 2, 80, 51, 149, 85, 1, 107, 110, 146, 135, 121]
distance: 38166.064355864255
time: 13.091477394104004

     TEST 5
path: [179, 30, 162, 127, 169, 410, 98, 101, 50, 29, 74, 333, 267, 107, 126, 121, 19, 24, 41, 228, 198, 368, 132, 347, 327, 148, 334, 244, 292, 85, 217, 78, 284, 409, 65, 294, 180, 329, 102, 136, 272, 201, 66, 279, 177, 325, 55, 310, 189, 75, 14, 161, 273, 280, 285, 281, 250, 351, 393, 323, 172, 314, 395, 376, 62, 96, 238, 275, 67, 293, 288, 374, 357, 313, 71, 22, 259, 366, 59, 412, 287, 202, 219, 230, 237, 330, 204, 72, 57, 152, 37, 51, 43, 150, 407, 309, 182, 110, 167, 391, 241, 15, 139, 343, 159, 311, 194, 181, 320, 112, 332, 218, 274, 361, 213, 60, 416, 140, 109, 186, 379, 337, 382, 406, 242, 130, 178, 344, 145, 297, 303, 299, 302, 389, 28, 21, 200, 61, 26, 123, 118, 81, 296, 367, 363, 113, 322, 304, 40, 223, 149, 254, 359, 114, 79, 12, 2, 34, 341, 144, 54, 56, 192, 306, 138, 331, 32, 111, 137, 372, 256, 390, 249, 377, 143, 92, 42, 190, 131, 128, 305, 129, 47, 99, 58, 354, 156, 1, 205, 83, 95, 404, 52, 173, 135, 301, 185, 188, 283, 229, 289, 295, 142, 405, 91, 88, 394, 321, 340, 20, 73, 163, 278, 364, 240, 214, 176, 146, 124, 13, 381, 77, 383, 212, 231, 243, 104, 25, 10, 125, 100, 49, 257, 263, 375, 360, 211, 399, 33, 160, 215, 103, 224, 373, 155, 315, 226, 401, 268, 93, 266, 316, 277, 69, 64, 31, 11, 116, 36, 402, 387, 414, 260, 70, 76, 397, 122, 106, 147, 153, 206, 388, 358, 166, 251, 174, 342, 227, 207, 317, 141, 350, 191, 349, 264, 16, 82, 120, 165, 195, 46, 170, 312, 339, 115, 307, 196, 338, 378, 245, 356, 365, 220, 187, 18, 319, 4, 157, 348, 105, 380, 168, 258, 290, 396, 408, 134, 183, 35, 199, 352, 355, 326, 308, 335, 336, 158, 27, 3, 369, 23, 5, 17, 247, 133, 48, 233, 87, 392, 235, 63, 89, 171, 298, 362, 39, 203, 400, 97, 80, 164, 225, 262, 282, 8, 193, 154, 291, 411, 236, 324, 38, 286, 265, 271, 371, 403, 7, 151, 9, 45, 346, 208, 398, 269, 300, 86, 222, 353, 386, 253, 44, 255, 276, 261, 384, 270, 108, 413, 216, 234, 246, 84, 197, 252, 328, 94, 221, 370, 117, 184, 90, 119, 239, 209, 68, 175, 0, 345, 53, 248, 232, 415, 210, 385, 6, 318]
distance: 377219.31494390505
time: 44.64864492416382

     TEST 6
path: [16, 13, 2, 14, 10, 4, 9, 1, 8, 11, 15, 0, 3, 12, 6, 5, 7]
distance: 2260.0
time: 1.8986945152282715