KNAPSACK

     TEST 1
answer: [1, 1, 1, 1, 0, 1, 0, 0, 0, 0]
result: [1, 1, 1, 1, 0, 1, 0, 0, 0, 0]
max_cost:   309
max_weight: 165
cost:       309
weight:     165
time: 0.05083489418029785

     TEST 2
answer: [0, 1, 1, 1, 0]
result: [0, 1, 1, 1, 0]
max_cost:   51
max_weight: 26
cost:       51
weight:     26
time: 0.020972251892089844

     TEST 3
answer: [1, 1, 0, 0, 1, 0]
result: [1, 1, 0, 0, 1, 0]
max_cost:   150
max_weight: 190
cost:       150
weight:     190
time: 0.05984354019165039

     TEST 4
answer: [1, 0, 0, 1, 0, 0, 0]
result: [1, 0, 0, 1, 0, 0, 0]
max_cost:   107
max_weight: 50
cost:       107
weight:     50
time: 0.06183171272277832

     TEST 5
answer: [1, 0, 1, 1, 1, 0, 1, 1]
result: [1, 0, 1, 1, 1, 0, 1, 1]
max_cost:   900
max_weight: 104
cost:       900
weight:     104
time: 0.1047210693359375

     TEST 6
answer: [0, 1, 0, 1, 0, 0, 1]
result: [0, 1, 0, 1, 0, 0, 1]
max_cost:   1735
max_weight: 169
cost:       1735
weight:     169
time: 0.054892778396606445

     TEST 7
answer: [1, 0, 1, 0, 1, 0, 1, 1, 1, 0, 0, 0, 0, 1, 1]
result: [1, 0, 1, 0, 1, 0, 1, 1, 1, 0, 0, 0, 0, 1, 1]
max_cost:   1458
max_weight: 749
cost:       1458
weight:     749
time: 0.17153501510620117





TSP
     TEST 1
path: [38, 80, 15, 5, 205, 169, 42, 114, 119, 197, 218, 202, 156, 126, 181, 118, 100, 112, 61, 140, 206, 203, 216, 195, 233, 49, 153, 8, 254, 244, 89, 46, 34, 186, 69, 12, 117, 44, 162, 111, 66, 148, 178, 21, 135, 99, 277, 94, 243, 234, 76, 53, 90, 3, 275, 263, 179, 20, 170, 256, 238, 183, 258, 241, 270, 176, 193, 214, 190, 103, 40, 45, 39, 259, 25, 185, 262, 102, 41, 165, 161, 157, 32, 95, 98, 134, 147, 151, 55, 237, 278, 257, 54, 125, 68, 152, 129, 124, 180, 194, 201, 211, 10, 128, 133, 269, 242, 247, 136, 200, 260, 13, 4, 107, 86, 104, 73, 171, 265, 199, 246, 217, 85, 158, 221, 132, 1, 229, 7, 236, 33, 87, 166, 36, 52, 164, 191, 253, 213, 130, 150, 249, 50, 62, 92, 74, 207, 208, 266, 276, 2, 26, 67, 223, 144, 175, 56, 273, 141, 143, 168, 182, 82, 77, 173, 127, 29, 142, 209, 106, 116, 37, 121, 215, 232, 230, 248, 235, 250, 225, 239, 22, 48, 138, 139, 210, 137, 264, 279, 268, 6, 188, 149, 23, 174, 231, 219, 224, 204, 0, 220, 59, 122, 261, 228, 226, 227, 177, 78, 70, 75, 30, 31, 240, 9, 123, 43, 163, 58, 93, 88, 271, 18, 145, 274, 60, 24, 28, 71, 72, 192, 212, 251, 252, 19, 110, 146, 267, 120, 14, 131, 184, 79, 96, 101, 65, 105, 47, 97, 51, 84, 35, 83, 81, 115, 57, 167, 222, 189, 108, 160, 64, 255, 17, 154, 245, 11, 113, 27, 109, 155, 91, 172, 187, 159, 198, 196, 16, 272, 63]
distance: 26288.329072754805
time: 7.274547815322876

     TEST 2
path: [0, 30, 45, 7, 6, 27, 18, 42, 46, 15, 11, 19, 32, 14, 12, 13, 38, 20, 2, 47, 41, 31, 23, 9, 3, 44, 34, 4, 1, 28, 22, 10, 17, 37, 21, 25, 39, 24, 33, 40, 43, 8, 29, 5, 26, 16, 36, 35]
distance: 79951.38947498679
time: 1.1040778160095215

     TEST 3
path: [12, 24, 6, 18, 19, 3, 11, 8, 1, 20, 17, 13, 10, 21, 16, 14, 9, 23, 26, 15, 22, 7, 4, 27, 0, 25, 2, 28, 5]
distance: 15001.895723408443
time: 0.8198056221008301

     TEST 4
path: [34, 6, 86, 12, 121, 87, 143, 133, 103, 75, 114, 63, 43, 44, 93, 29, 13, 45, 89, 50, 115, 146, 5, 17, 28, 40, 108, 85, 99, 53, 58, 15, 72, 21, 3, 70, 67, 135, 113, 98, 107, 24, 140, 141, 23, 117, 42, 130, 18, 134, 94, 88, 74, 91, 100, 104, 14, 39, 49, 0, 83, 81, 96, 32, 118, 77, 95, 102, 25, 129, 61, 26, 145, 142, 16, 116, 8, 56, 120, 2, 78, 137, 125, 47, 144, 73, 147, 127, 105, 90, 48, 52, 46, 36, 41, 112, 123, 30, 124, 76, 132, 79, 148, 92, 51, 10, 69, 64, 55, 38, 139, 22, 122, 136, 35, 65, 111, 71, 27, 31, 131, 4, 9, 37, 20, 62, 110, 66, 84, 101, 1, 60, 80, 33, 97, 149, 128, 7, 106, 109, 54, 59, 126, 11, 119, 82, 57, 138, 19, 68]
distance: 38845.86128527619
time: 3.25329852104187

     TEST 5
path: [168, 286, 4, 133, 187, 256, 186, 266, 23, 399, 365, 74, 91, 412, 189, 10, 416, 379, 6, 122, 401, 13, 115, 176, 152, 19, 338, 324, 333, 140, 328, 0, 86, 264, 408, 178, 36, 79, 215, 376, 200, 135, 67, 104, 90, 223, 102, 129, 114, 22, 107, 182, 124, 323, 336, 34, 126, 271, 263, 249, 386, 253, 265, 272, 268, 196, 283, 277, 149, 251, 212, 219, 45, 304, 393, 121, 337, 192, 162, 18, 54, 297, 340, 363, 359, 226, 66, 411, 274, 414, 158, 14, 137, 170, 21, 28, 352, 76, 398, 94, 281, 275, 111, 314, 119, 131, 180, 388, 358, 361, 241, 402, 247, 97, 33, 373, 400, 58, 287, 236, 49, 148, 125, 128, 59, 298, 228, 406, 312, 321, 198, 163, 29, 318, 39, 16, 8, 69, 145, 142, 295, 61, 383, 82, 57, 276, 407, 288, 172, 395, 257, 255, 213, 208, 240, 171, 302, 3, 108, 234, 166, 261, 106, 139, 12, 342, 357, 243, 353, 221, 231, 47, 27, 75, 93, 259, 169, 48, 157, 72, 360, 299, 150, 81, 147, 151, 413, 306, 130, 370, 368, 202, 325, 350, 177, 194, 89, 339, 341, 334, 77, 366, 20, 348, 68, 375, 229, 269, 53, 11, 191, 173, 101, 183, 225, 195, 382, 99, 167, 174, 136, 355, 305, 403, 309, 165, 30, 260, 1, 46, 175, 63, 394, 50, 409, 290, 374, 278, 380, 405, 246, 5, 310, 161, 9, 331, 73, 371, 32, 384, 273, 51, 190, 262, 238, 404, 110, 296, 381, 390, 239, 237, 364, 245, 179, 156, 35, 313, 155, 345, 146, 267, 218, 205, 224, 367, 322, 127, 83, 17, 113, 307, 415, 203, 117, 327, 116, 214, 326, 143, 300, 284, 410, 64, 289, 252, 159, 78, 282, 292, 80, 335, 330, 141, 164, 188, 43, 232, 316, 329, 105, 26, 270, 346, 222, 362, 55, 294, 41, 87, 216, 242, 65, 2, 181, 354, 96, 319, 254, 280, 44, 391, 84, 92, 207, 211, 100, 279, 24, 201, 209, 392, 387, 71, 397, 123, 193, 144, 120, 112, 153, 301, 332, 7, 70, 303, 31, 154, 351, 317, 356, 42, 95, 378, 15, 349, 103, 244, 37, 233, 217, 220, 344, 62, 25, 389, 291, 258, 160, 185, 285, 343, 206, 320, 118, 385, 199, 197, 250, 85, 88, 377, 98, 227, 230, 109, 210, 396, 372, 204, 293, 248, 60, 56, 40, 52, 235, 134, 347, 311, 369, 315, 308, 132, 138, 38, 184]
distance: 385843.2912512014
time: 13.548800706863403

     TEST 6
path: [6, 13, 14, 2, 9, 10, 1, 4, 12, 11, 15, 0, 3, 5, 7, 8, 16]
distance: 2418.0
time: 0.6522881984710693