TEST   1
p_res: [[1, 2, 3, 4, 9, 10, 12, 14, 15, 17], [0, 5, 6, 7, 8, 11, 13, 16, 18, 19]]
m_res: [[2, 4, 7, 9, 10, 12, 14, 15, 16], [0, 1, 3, 5, 6, 8, 11, 13, 17, 18, 19]]
score: 0.3177966101694915
time:  24.47892141342163

TEST   2
p_res: [[0, 1, 2, 6, 7, 10, 11, 14, 15, 16, 18], [12, 13, 19, 21], [4, 5, 9, 17], [3, 8, 20, 22, 23]]
m_res: [[12, 13, 19, 21], [1, 10, 11, 14, 15, 16, 18], [4, 5, 8, 9, 17, 22, 23], [0, 2, 3, 6, 7, 20]]
score: 0.17647058823529413
time:  29.344480514526367

TEST   3
p_res: [[7, 13, 16, 18, 19, 20, 21, 22, 24], [0, 1, 2, 3, 4, 5, 6, 8, 9, 10, 11, 12, 14, 15, 17, 23, 25, 26, 27, 28, 29]]
m_res: [[0, 3, 4, 5, 6, 8, 10, 11, 13, 15, 18, 20, 25, 26, 27, 28, 29], [1, 2, 7, 9, 12, 14, 16, 17, 19, 21, 22, 23, 24]]
score: 0.1360153256704981
time:  41.66950011253357

TEST   4
p_res: [[1, 3, 4, 7, 8, 9, 10, 11, 13, 16, 18, 19, 20, 21, 22, 23, 25, 27, 29], [0, 2, 5, 6, 12, 14, 15, 17, 24, 26, 28]]
m_res: [[1, 2, 3, 6, 7, 8, 14, 16, 19, 20, 21, 24, 26, 28, 29], [0, 4, 5, 9, 10, 11, 12, 13, 15, 17, 18, 22, 23, 25, 27]]
score: 0.09516616314199396
time:  40.82896327972412

TEST   5
p_res: [[0, 1, 2, 3, 4, 5, 6, 7, 8, 9, 10, 11, 12, 13, 14, 15, 16, 17, 18, 19, 20, 21, 22, 23, 24, 25, 26, 27, 28, 29, 30, 31, 32, 33, 34, 35, 36]]
m_res: [[0, 1, 2, 3, 4, 5, 6, 7, 8, 9, 10, 11, 12, 13, 14, 15, 16, 17, 18, 19, 20, 21, 22, 23, 24, 25, 26, 27, 28, 29, 30, 31, 32, 33, 34, 35, 36]]
score: 0.4559748427672956
time:  103.911208152771