Local Search

N = 20
[10, 0, 16, 13, 6, 15, 11, 2, 17, 18, 8, 1, 4, 3, 5, 14, 19, 12, 7, 9]
709108
0.08278417587280273

N = 40
[7, 22, 20, 34, 0, 27, 13, 26, 24, 21, 37, 2, 11, 17, 12, 39, 14, 5, 36, 28, 31, 6, 18, 3, 33, 9, 10, 15, 4, 32, 8, 16, 1, 19, 30, 38, 25, 35, 23, 29]
3174836
1.2925429344177246

N = 60
[56, 21, 37, 34, 59, 53, 23, 47, 58, 2, 43, 30, 48, 36, 7, 9, 50, 55, 24, 25, 45, 4, 44, 13, 3, 19, 28, 27, 17, 6, 1, 38, 32, 52, 15, 26, 57, 22, 10, 41, 18, 49, 54, 42, 12, 46, 29, 20, 31, 35, 5, 40, 39, 16, 14, 8, 33, 0, 51, 11]
7340474
6.545531749725342

N = 80
[52, 21, 4, 47, 65, 64, 38, 77, 62, 10, 49, 3, 66, 36, 9, 30, 71, 34, 18, 57, 19, 75, 59, 60, 69, 56, 1, 11, 41, 14, 45, 48, 73, 22, 17, 24, 74, 35, 79, 8, 53, 40, 2, 20, 50, 55, 13, 33, 70, 37, 7, 46, 5, 0, 26, 31, 61, 76, 25, 43, 28, 27, 32, 58, 16, 72, 6, 29, 78, 44, 42, 39, 23, 67, 15, 68, 12, 51, 63, 54]
13877536
26.19842529296875

N = 100
[27, 70, 6, 0, 99, 26, 63, 25, 29, 32, 31, 15, 58, 47, 36, 90, 85, 60, 46, 5, 95, 50, 73, 89, 1, 94, 33, 21, 45, 87, 17, 49, 51, 74, 82, 93, 62, 84, 69, 30, 86, 98, 28, 68, 44, 76, 40, 66, 2, 72, 39, 56, 9, 3, 4, 23, 22, 57, 67, 64, 54, 79, 42, 92, 8, 78, 24, 19, 88, 80, 96, 35, 77, 75, 16, 55, 14, 7, 11, 65, 53, 38, 43, 34, 48, 81, 91, 18, 10, 52, 97, 13, 83, 61, 71, 37, 12, 59, 20, 41]
21635796
76.24827909469604
