Local Search

N = 20
[13, 14, 3, 7, 11, 0, 1, 15, 2, 8, 17, 6, 9, 19, 10, 5, 4, 12, 16, 18]
739832
0.08884191513061523

N = 40
[26, 7, 24, 35, 5, 17, 28, 31, 22, 21, 20, 16, 11, 39, 4, 13, 19, 37, 15, 3, 12, 6, 36, 34, 30, 27, 29, 10, 33, 18, 25, 23, 9, 32, 2, 0, 14, 1, 8, 38]
3258568
1.1536223888397217

N = 60
[2, 35, 6, 52, 30, 26, 42, 32, 41, 15, 10, 28, 22, 53, 47, 36, 38, 4, 58, 27, 46, 40, 0, 57, 50, 37, 55, 54, 56, 23, 18, 33, 24, 14, 39, 21, 49, 44, 7, 9, 3, 51, 25, 11, 13, 17, 12, 59, 34, 20, 48, 16, 29, 45, 1, 8, 19, 5, 31, 43]
7626732
5.6800572872161865

N = 80
[66, 69, 27, 36, 25, 11, 53, 21, 0, 68, 65, 16, 60, 20, 72, 78, 73, 30, 61, 8, 63, 75, 74, 29, 44, 67, 39, 56, 70, 51, 57, 28, 9, 26, 48, 10, 14, 4, 2, 23, 18, 33, 64, 22, 34, 35, 54, 58, 42, 77, 47, 59, 5, 76, 24, 31, 40, 13, 62, 49, 55, 46, 32, 3, 38, 7, 12, 6, 79, 37, 1, 52, 17, 41, 43, 15, 50, 71, 45, 19]
13975050
20.703391551971436

N = 100
[80, 56, 72, 83, 8, 60, 76, 85, 55, 37, 31, 98, 41, 28, 5, 45, 53, 27, 26, 4, 43, 64, 88, 90, 30, 23, 1, 39, 44, 52, 33, 29, 20, 96, 40, 2, 16, 87, 48, 82, 86, 57, 7, 79, 10, 70, 18, 34, 42, 97, 50, 25, 6, 84, 71, 73, 36, 35, 68, 65, 93, 69, 92, 22, 66, 67, 99, 89, 78, 77, 9, 91, 24, 11, 94, 74, 38, 75, 17, 13, 14, 12, 59, 81, 46, 21, 63, 47, 3, 61, 58, 49, 19, 62, 32, 95, 51, 54, 0, 15]
21977416
46.245075941085815




Iterated Local Search

N = 20
[12, 9, 13, 0, 17, 6, 15, 5, 3, 1, 11, 8, 10, 16, 7, 18, 2, 19, 14, 4]
791300
1.6309397220611572

N = 40
[16, 39, 7, 17, 30, 24, 4, 9, 36, 22, 34, 32, 8, 1, 13, 23, 35, 5, 28, 26, 15, 10, 12, 20, 11, 25, 31, 14, 2, 21, 19, 29, 3, 0, 18, 6, 27, 33, 38, 37]
3276666
32.351717948913574

N = 60
[27, 40, 47, 26, 14, 42, 25, 57, 6, 18, 37, 3, 51, 5, 10, 24, 4, 46, 15, 54, 33, 59, 45, 52, 9, 55, 44, 38, 1, 22, 56, 8, 16, 19, 20, 2, 23, 32, 43, 41, 13, 35, 17, 39, 58, 12, 29, 21, 34, 11, 7, 49, 36, 53, 31, 0, 28, 48, 30, 50]
7510658
234.96848917007446

N = 80
[46, 52, 30, 36, 32, 35, 68, 12, 33, 73, 64, 10, 6, 0, 70, 25, 47, 53, 77, 1, 61, 74, 31, 27, 38, 24, 28, 26, 29, 5, 76, 37, 60, 72, 21, 69, 55, 8, 49, 40, 59, 4, 75, 23, 17, 78, 51, 34, 56, 50, 79, 9, 63, 15, 54, 42, 19, 2, 66, 58, 16, 43, 65, 13, 18, 44, 39, 71, 7, 48, 62, 14, 20, 45, 22, 67, 3, 41, 11, 57]
14081634
1017.6150932312012

N = 100
[1, 55, 22, 83, 88, 76, 70, 68, 17, 27, 48, 52, 81, 5, 20, 84, 71, 44, 25, 67, 94, 77, 47, 75, 15, 21, 26, 64, 43, 16, 80, 45, 23, 78, 59, 28, 73, 33, 42, 87, 62, 72, 66, 3, 38, 51, 4, 61, 93, 7, 14, 74, 58, 13, 98, 82, 53, 35, 49, 50, 0, 31, 36, 92, 54, 69, 89, 57, 29, 12, 2, 96, 19, 11, 91, 41, 39, 97, 95, 63, 24, 65, 10, 40, 30, 86, 60, 46, 34, 9, 56, 90, 37, 99, 32, 18, 8, 79, 6, 85]
21575954
3041.3866198062897











Iterated Local Search

N = 20
[19, 6, 10, 18, 1, 8, 15, 17, 3, 11, 2, 7, 14, 13, 5, 16, 0, 9, 12, 4]
669930
1.8964757919311523

N = 40
[1, 26, 4, 24, 30, 0, 33, 13, 31, 5, 28, 37, 39, 12, 18, 35, 27, 36, 6, 32, 17, 9, 11, 23, 20, 2, 15, 22, 8, 14, 25, 21, 16, 10, 34, 29, 38, 19, 3, 7]
3116752
46.87707233428955

N = 60
[58, 26, 6, 27, 19, 34, 15, 31, 43, 28, 33, 22, 32, 18, 24, 29, 44, 51, 17, 13, 37, 38, 42, 3, 4, 39, 36, 10, 53, 8, 9, 25, 59, 40, 0, 20, 57, 48, 12, 23, 50, 14, 5, 35, 46, 11, 2, 47, 45, 54, 16, 30, 21, 49, 7, 56, 55, 1, 52, 41]
7213904
398.39231157302856

N = 80
[18, 24, 74, 78, 46, 72, 2, 31, 55, 50, 73, 38, 40, 17, 51, 30, 22, 14, 79, 23, 60, 65, 36, 12, 11, 25, 16, 8, 70, 41, 53, 5, 4, 35, 9, 7, 59, 39, 37, 61, 63, 48, 54, 68, 34, 52, 26, 0, 58, 75, 6, 29, 67, 3, 13, 57, 64, 33, 76, 28, 20, 45, 19, 77, 42, 1, 62, 32, 47, 27, 69, 10, 49, 44, 15, 21, 66, 71, 43, 56]
13661462
1829.4974553585052

N = 100
[44, 62, 11, 30, 86, 78, 19, 13, 87, 51, 4, 28, 67, 58, 24, 48, 45, 88, 63, 99, 3, 85, 61, 25, 73, 1, 26, 43, 14, 42, 35, 71, 49, 74, 91, 39, 75, 56, 36, 66, 79, 17, 40, 37, 29, 33, 81, 84, 92, 90, 69, 12, 72, 7, 20, 2, 53, 77, 83, 23, 80, 46, 16, 89, 95, 57, 21, 8, 18, 96, 94, 68, 54, 0, 38, 97, 64, 41, 82, 34, 70, 15, 10, 50, 93, 5, 76, 22, 32, 31, 55, 65, 9, 6, 47, 52, 60, 98, 27, 59]
21346686
5879.860061407089

